20
2 3 1 1 1 1 1 1 5
1 1 2 2 2 2 2 2 5
5 1 624 483 111 919 537 524 697
5 225 532 655 892 185 807 5 311
5 10 970 187 640 680 648 936 184
5 123 160 249 791 182 530 799 427
10000 1 343 208 517 735 672 994 999
20000 100000 786 463 387 911 967 382 12
20000 50000 570 656 434 199 7 809 663
40000 10 322 68 21 449 539 533 74
100000 99990 856 845 1 431 172 8 453
10000 100000 119 982 496 304 145 298 965
40000 50000 551 310 536 528 262 525 982
40000 10 293 346 61 936 5 876 983
100000 99990 220 639 744 265 944 206 976
20000 50000 253 826 0 0 972 24 999
20000 97048 579 764 886 0 207 469 972
20000 94628 787 713 0 214 647 55 977
50000 50050 598 204 323 0 549 337 968
100000 50034 576 275 0 781 896 583 975
