20
2 3 1 1 1 1 1 1 5
1 1 2 2 2 2 2 2 5
10 1 624 483 111 919 537 524 697
10 3025 532 655 892 185 807 5 311
10 10 970 187 640 680 648 936 184
10 3000 160 249 791 182 530 799 427
10 1 518 856 845 1 431 172 999
10 3025 40 119 982 496 304 145 965
10 10 408 551 310 536 528 262 982
10 3000 838 293 346 61 936 5 983
200 1 319 835 442 955 696 848 471
200 100000 872 383 577 432 115 539 976
200 50000 966 681 25 941 76 819 999
200 10 487 220 678 634 296 440 537
200 99990 886 207 469 223 168 837 972
200 50000 117 354 0 0 682 766 942
200 98347 337 619 265 0 556 833 968
200 98785 967 602 0 872 246 620 975
200 50052 113 948 890 0 488 912 958
200 50068 142 245 0 830 950 173 999
